ahl,iptg,previous_state,time,data,ALL_meanGreen,ALL_meanRed,ALL_sdGreen,ALL_sdRed,ALL_cov,ALL_medianRed,ALL_medianGreen,ALL_modeRed,ALL_modeGreen,ALL_nEvent,gateRED_meanGreen,gateRED_meanRed,gateRED_sdGreen,gateRED_sdRed,gateRED_cov,gateRED_medianRed,gateRED_medianGreen,gateRED_modeRed,gateRED_modeGreen,gateRED_nEvent,gateRED_percentageEvent,gateGREEN_meanGreen,gateGREEN_meanRed,gateGREEN_sdGreen,gateGREEN_sdRed,gateGREEN_cov,gateGREEN_medianRed,gateGREEN_medianGreen,gateGREEN_modeRed,gateGREEN_modeGreen,gateGREEN_nEvent,gateGREEN_percentageEvent10,10,red,10,B,260.7010032,448.2838268,25.45276596,56.99910758,139.6514955,448,262,443,251,8174,260.217386,448.3333742,22.94926982,57.00832875,149.1477532,448,262,443,251,8156,99.77978958,479.8333333,425.8333333,88.64619032,48.99849938,812.9705882,437,471,421,473,18,0.2202104230.1,10,red,10,B,262.025061,461.2202262,25.846675,56.19059344,213.2313662,461,263,450,257,9018,261.57,461.2662222,23.65883354,56.16914644,220.9421358,461,263,450,257,9000,99.8003992,489.5555556,438.2222222,55.82664578,63.69925252,1695.69281,451,480,480,490,18,0.1996007980.033333333,10,red,10,B,263.5305306,463.063655,26.18548652,55.17122809,320.3871074,462,263,464,258,9253,263.2135281,463.0203463,24.61013625,54.95063679,314.2581293,462,263,464,258,9240,99.85950503,488.8461538,493.8461538,85.30616054,144.8181884,-2458.442308,447,450,509,698,13,0.1404949750.011111111,10,red,10,B,266.345627,445.1864067,27.05981077,52.81708788,326.4859928,445,265,464,271,9490,265.9457061,445.2527728,25.59395036,52.73915387,339.7074715,445,265,464,271,9467,99.75763962,430.9565217,417.8695652,74.68630047,75.326142,-635.0513834,410,416,330,396,23,0.2423603790.003703704,10,red,10,B,266.8609785,397.9135095,29.97368102,47.77489861,255.256389,397,265,381,258,9423,265.6034427,397.8678499,25.35761791,47.62604799,240.0093943,397,265,381,258,9353,99.25713679,434.8857143,404.0142857,81.69021421,64.82406354,1277.75528,391,420,391,421,70,0.7428632070.001234568,10,red,10,B,342.0828977,363.4717806,80.84125845,41.86457623,-434.9999545,362,332,345,250,9373,280.1708333,373.1641667,31.84985063,42.6350413,33.63958811,372,281,345,250,4800,51.210925,407.2140666,353.2999562,63.87879208,38.49613931,363.9877148,353,392,345,356,4564,48.693054520.000411523,10,red,10,B,464.7968536,341.1138211,68.3379137,36.28629167,181.4756063,343,458,345,458,9471,286.0054054,363.5675676,31.06646054,43.11028611,34.31756757,363,287,355,316,185,1.953331222,468.3735057,340.6656974,63.97519335,35.99983592,266.1294013,343,459,345,458,9285,98.036110230.000137174,10,red,10,B,482.6579937,338.3658307,65.04155574,35.7189483,335.4854597,341,474,345,458,9570,273.5961538,335.1538462,32.73078518,40.40063318,225.8476621,335.5,266,285,263,52,0.543364681,483.8001681,338.3833789,63.30610318,35.69328975,332.4191643,341,475,345,458,9518,99.456635324.57E-05,10,red,10,B,486.9645144,338.0871391,66.06976446,35.44618946,298.5467716,340,478,345,458,9525,273.1636364,342.7636364,31.51235127,46.81443416,244.4468013,341,265,347,316,55,0.577427822,488.2062302,338.0599789,64.17052099,35.37095175,304.7280453,340,479,345,458,9470,99.422572181.52E-05,10,red,10,B,487.4062633,339.5373673,64.71225376,34.50972473,247.4436241,342,479,345,458,9420,269.1458333,344.5625,34.85531773,38.03520556,31.38430851,342,260.5,359,257,48,0.50955414,488.5241144,339.5116304,62.91084286,34.49109222,254.2003918,342,480,345,458,9372,99.490445865.08E-06,10,red,10,B,485.4333404,338.6654381,66.00982725,34.61163772,262.103183,341,478,345,458,9496,271.2727273,337.4545455,29.09857853,35.09931228,25.62440191,339,267,386,265,77,0.810867734,487.184096,338.6753371,63.30908983,34.60933749,261.9017802,341,479,345,458,9419,99.189132270,10,red,10,B,489.2264151,339.0127883,65.12873616,35.35573407,273.692565,342,482,345,479,9540,269.6811594,342.2463768,28.83140279,35.83762638,94.59441603,341,270,360,244,69,0.72327044,490.8428722,338.9891235,62.53493622,35.3548968,280.264528,342,483,345,479,9470,99.2662473810,1,red,10,B,263.3037383,446.3406163,37.98189425,57.04846861,-148.4460253,447,263,472,263,7918,259.7562821,447.6432051,22.89454042,55.93359915,157.7369833,448,262,472,263,7800,98.50972468,497.7966102,360.2372881,79.88876447,63.94023357,111.9461104,352.5,486.5,337,476,118,1.4902753220.1,1,red,10,B,261.1707045,459.1943731,25.86684734,56.16599787,205.5836091,459,263,475,271,8957,260.7389262,459.2696868,23.71867469,56.11416095,223.2714452,459,263,475,271,8940,99.81020431,488.2352941,419.5882353,73.05094918,70.23982028,-90.14705882,426,486,327,621,17,0.1897956910.033333333,1,red,10,B,263.1701519,459.5747304,25.65215635,54.61870106,248.3413833,459,263,464,251,9086,262.8695173,459.6116376,24.15494162,54.58844085,259.1043953,459,263,464,251,9074,99.86792868,490.5,431.6666667,75.99102818,71.61936423,-1676.363636,432,469.5,494,410,12,0.1320713190.011111111,1,red,10,B,265.5650311,437.6251339,26.39096068,52.97377931,267.7919258,437,265,445,258,9334,265.1878489,437.6623014,24.74772178,52.88779847,276.7103567,437,265,445,258,9316,99.80715663,460.7777778,418.3888889,79.71829486,86.9835271,-619.496732,400.5,456.5,560,402,18,0.1928433680.003703704,1,red,10,B,267.6196529,397.3877528,31.9912626,48.0840977,270.7747355,397,265,392,258,9047,265.9862876,397.2624303,25.22321647,47.8799953,233.9586664,397,265,392,258,8970,99.14888913,457.8961039,411.987013,98.68524985,66.60458604,1780.511791,402,433,414,463,77,0.8511108650.001234568,1,red,10,B,356.950873,358.824531,83.34738267,40.94009974,-400.305042,357,351,345,258,9221,282.3955281,370.2097147,31.83925841,42.12240967,22.53399718,368,285,350,258,3891,42.19715866,411.4983089,350.5221721,65.2237392,37.94805469,362.2434128,350,398,345,351,5322,57.716082850.000411523,1,red,10,B,465.0478302,340.0853131,66.94844534,36.25824753,304.6512517,343,458,345,458,9471,288.9937107,353.9874214,31.71041774,45.67150005,289.3163761,353,287,345,316,159,1.678808996,468.0539089,339.8479381,63.27118564,36.03273414,347.453156,343,459,345,458,9312,98.3211910.000137174,1,red,10,B,478.5399307,339.3622626,66.34557097,35.71354551,318.2897942,341,470,345,460,9529,276.6612903,332.1129032,28.63904451,45.6383161,295.1864093,336.5,274,315,270,62,0.650645398,479.8620471,339.4097391,64.47166991,35.6376576,308.8240143,341,471,345,460,9467,99.34935464.57E-05,1,red,10,B,481.5619581,339.4475576,67.48642134,34.95915605,306.7207604,342,473,345,458,9458,279.3157895,336.75,33.61277952,38.53383794,330.4933333,341,271,365,265,76,0.803552548,483.2002771,339.4694095,65.17835826,34.93011696,302.1076622,342,474,345,458,9382,99.196447451.52E-05,1,red,10,B,483.1336485,337.0291147,64.84210454,35.49202443,269.2086366,340,476,345,458,9308,275.5227273,339.75,34.48861534,39.10518017,666.6453488,347,267.5,322,258,44,0.472711646,484.1197107,337.0161917,63.35011266,35.4758123,270.0887448,339,476,345,458,9264,99.527288355.08E-06,1,red,10,B,483.2894487,338.9998946,65.60891996,34.74197987,297.0191113,341,475,345,458,9487,279.5211268,345.943662,31.58519506,35.00811633,475.2297787,339,277,325,281,71,0.748392537,484.8259346,338.9475361,63.35686861,34.73656582,306.4762625,341,476,345,458,9416,99.251607460,1,red,10,B,486.205842,338.2836655,66.0761644,35.2188759,269.3003886,340,479,345,446,9483,264.7407407,337.2222222,31.42477402,43.85037452,224.5303983,342.5,263,350,271,54,0.569440051,487.4741754,338.2897444,64.05454738,35.16614366,268.2265117,340,479,345,446,9429,99.4305599510,0.5,red,10,B,261.5169686,442.2834907,32.11242779,56.39206355,2.485427554,442,262,435,257,7838,259.4904762,442.9779923,22.95628655,55.85642006,165.2378519,443,260,435,257,7770,99.13243174,493.0735294,362.9264706,67.95747489,61.2526737,-56.35272169,353,491,350,521,68,0.8675682570.1,0.5,red,10,B,261.4788338,452.1650146,26.95017803,57.15387656,146.4115291,452,263,472,258,8575,260.8330994,452.3384795,23.50968331,57.02819725,181.4965505,452,263,472,258,8550,99.70845481,482.32,392.84,107.9134375,69.55254608,1342.136667,392,466,330,424,25,0.291545190.033333333,0.5,red,10,B,262.8821473,451.4010376,25.68848908,56.01926765,225.6482161,452,263,457,251,8867,262.5135013,451.4434527,24.04678382,55.86146752,231.1089839,452,263,457,251,8851,99.81955566,466.8125,427.9375,66.6145317,114.7841271,2131.9875,414,473.5,602,480,16,0.1804443440.011111111,0.5,red,10,B,263.8837108,432.4484192,25.5087735,52.02927653,205.7286291,432,263,449,251,9141,263.5515125,432.5557869,24.30825909,51.92870327,226.2540042,432,263,449,251,9124,99.81402472,442.1764706,374.8235294,30.88736654,72.82190201,-548.1544118,364,436,350,447,17,0.1859752760.003703704,0.5,red,10,B,269.7633023,390.1336395,34.7417489,45.99403215,173.6260789,389,267,389,258,8927,266.9009359,390.3686373,25.222213,45.9139149,181.8165708,389,267,389,258,8762,98.15167469,421.7636364,377.6545455,89.58650887,48.60124641,1681.472727,375,388,377,351,165,1.8483253050.001234568,0.5,red,10,B,405.930351,348.1600044,88.88439939,40.33660667,-621.0210805,347,412,345,435,9031,280.3713843,370.6678719,32.52463963,44.22170735,71.1988631,368,282,357,271,1936,21.43727162,440.2494712,342.0031025,65.48282184,36.89753267,173.2916095,343,432,345,435,7091,78.51843650.000411523,0.5,red,10,B,476.1178724,337.7034037,68.58837478,35.70290584,169.0663785,340,470,345,458,9137,278.7891566,356.2289157,31.91025488,45.90710655,177.1152245,356.5,276,373,251,166,1.81678888,479.7862876,337.3616499,63.53427951,35.40031617,237.7073568,339,471,345,458,8970,98.172266610.000137174,0.5,red,10,B,481.158372,335.9482286,64.78752994,34.74240723,204.3149595,338,474,345,458,9484,284.3866667,352.9866667,31.2041635,43.34821089,263.261982,354,282,328,271,75,0.790805567,482.7268573,335.8124136,62.54678353,34.63443981,230.8134463,338,475,345,458,9409,99.209194434.57E-05,0.5,red,10,B,481.8332804,335.9712261,62.49117183,34.96801358,201.9361672,338,476,345,458,9453,270.7666667,339.7333333,30.65354055,35.82578688,407.7163842,341,266,357,271,60,0.634719137,483.1815182,335.9471947,60.31397258,34.96311912,205.770127,338,476,345,458,9393,99.365280861.52E-05,0.5,red,10,B,483.7331642,335.5265884,64.15803445,34.93760269,189.6833484,337,477,345,458,9459,272.4655172,329.8965517,30.83300551,35.94180953,175.7683001,335,270,368,270,58,0.61317264,485.0365919,335.5613233,62.11913007,34.93046725,182.4035005,337,477,345,458,9401,99.386827365.08E-06,0.5,red,10,B,484.2118626,334.0212835,65.28829929,35.61160436,218.5108874,336,478,345,469,9256,272.7866667,324.7466667,32.84290755,38.8135158,412.8641441,322,270,322,281,75,0.81028522,485.9390045,334.0970483,62.61395524,35.57660814,200.8168134,336,478,345,469,9181,99.189714780,0.5,red,10,B,487.9165702,335.9431878,63.98295132,35.46700125,306.3369053,339,481,345,458,9505,275.3658537,338.902439,36.02274011,30.92151749,334.4365854,339,271,345,251,41,0.43135192,488.8373838,335.9303677,62.52584944,35.48631526,308.987513,338.5,481,345,458,9464,99.5686480810,0.16,red,10,B,262.1905079,446.7649647,35.40031782,57.78216176,-171.6032179,448,262,443,258,7501,259.2737211,448.0704549,23.07020724,56.68310372,140.648774,449,260,443,258,7409,98.77349687,497.0869565,341.6304348,59.00449828,47.99215078,-315.7257525,337.5,487,357,471,92,1.2265031330.1,0.16,red,10,B,262.5344987,455.2277147,26.48518457,56.42163043,161.8538429,454,263,443,250,8638,261.9830587,455.4177303,23.67596209,56.29326072,208.5267481,455,263,443,250,8618,99.76846492,500.15,373.35,71.2447782,53.29093435,-470.1078947,357.5,504.5,348,542,20,0.2315350780.033333333,0.16,red,10,B,263.7941994,456.4117124,26.18300118,54.00328417,183.2905636,456,263,464,257,8999,263.2532591,456.6122563,23.77908725,53.68652736,228.9274952,456,263,464,257,8975,99.7333037,466.0833333,381.4166667,69.01286375,102.313634,-1742.471014,365,452,330,421,24,0.26669630.011111111,0.16,red,10,B,265.3816769,428.4663967,25.07717719,52.52513219,212.0449562,428.5,265,419,258,9136,265.0761048,428.5729795,23.93688506,52.29222055,229.0964414,429,265,419,258,9119,99.81392294,429.2941176,371.2941176,62.60168199,115.6042628,483.5955882,345,414,443,406,17,0.1860770580.003703704,0.16,red,10,B,281.1434319,378.111679,53.08897578,46.35556636,-212.9342365,375,271,381,250,9196,268.707265,380.6216762,26.41140218,45.85106831,115.17346,378,270,381,250,8424,91.60504567,417.1443433,350.603381,76.57205704,42.93005502,275.0221676,350,396,345,341,769,8.3623314480.001234568,0.16,red,10,B,461.4310809,338.2075655,79.38898322,37.60213687,-337.1372345,339,463,345,439,9279,276.141925,373.0538336,32.04063628,45.34499604,48.12633411,371,275,345,271,613,6.606315336,474.5699446,335.7370729,63.81067208,35.73046884,125.4452654,337,468,345,439,8664,93.372130620.000411523,0.16,red,10,B,486.3922563,334.138805,67.29079075,35.69031754,176.1292381,336,480,345,469,9272,279.9553571,342.6339286,31.26647699,46.75583416,389.2808076,346.5,274.5,350,250,112,1.207937877,488.9163755,334.0349345,63.59303093,35.52447156,195.2724926,336,481,345,469,9160,98.792062120.000137174,0.16,red,10,B,489.4801436,334.9817279,64.22804951,34.63133005,192.7407906,337,483,345,469,9468,271.5479452,340.7260274,30.45353523,41.74135315,198.1660959,340,270,307,271,73,0.771018166,491.1734965,334.9370942,61.46745436,34.56929833,202.5234763,337,483,345,469,9395,99.228981834.57E-05,0.16,red,10,B,490.2297669,334.3087924,64.48327264,35.51144172,183.1100995,337,483,345,479,9440,272.1147541,334.7868852,31.63284072,41.1258697,188.0581967,339,270,339,226,61,0.646186441,491.6483634,334.3056829,62.18741264,35.47453438,183.780672,336,484,345,479,9379,99.353813561.52E-05,0.16,red,10,B,488.0733144,335.0150415,63.59563993,35.63339418,164.4707044,337,482,345,458,9507,276.92,343.32,32.59325084,38.04424921,291.5363265,334,275,333,271,50,0.525928263,489.1897008,334.9711325,61.83272533,35.6172148,173.1512043,337,482,345,458,9457,99.474071745.08E-06,0.16,red,10,B,488.8277968,333.342156,64.54719845,36.00994828,175.8258327,336,482,345,479,9332,268.0666667,329.2,30.49805032,44.16141425,297.020339,327,269,386,282,60,0.642948993,490.2563632,333.3689603,62.20882784,35.95254604,169.1172453,336,482,345,479,9272,99.357051010,0.16,red,10,B,492.0713599,334.6170281,63.39407372,35.38643211,175.6993403,337,486,345,458,9361,273,332.6909091,30.35225295,37.57751136,261.5,334,271,345,271,55,0.587544066,493.3836647,334.6278345,61.23235907,35.37676798,172.8243369,337,487,345,458,9305,99.4017733110,0.125,red,10,B,261.9560669,444.2063285,31.65643928,56.72770705,-77.19035879,445,262,435,250,7648,259.9026128,445.1157297,22.93829806,55.97159094,126.6452961,446,262,435,250,7578,99.08472803,484.2571429,345.7571429,51.82682583,51.94797724,-54.19751553,335,484,333,530,70,0.9152719670.1,0.125,red,10,B,261.2701561,456.2588898,25.38374979,56.14402264,159.5931967,457,263,435,263,8521,260.9475849,456.3562111,23.69341333,56.07177645,179.8052269,457,263,435,263,8509,99.85917146,490,387.25,87.82006397,67.132332,1784.636364,371,482.5,333,475,12,0.1408285410.033333333,0.125,red,10,B,263.4627593,459.4114046,26.36218822,54.44911916,218.044291,460,263,475,258,8821,263.029532,459.5372558,24.21098034,54.15435714,249.3016373,460,263,475,258,8804,99.80727809,487.8235294,394.2352941,83.71397381,127.43848,-1398.830882,381,498,288,385,17,0.1927219140.011111111,0.125,red,10,B,264.804409,424.1867057,25.59604614,52.80642118,214.79299,423,265,389,265,8891,264.4670348,424.2371239,24.37395719,52.69475352,226.0172857,423,265,389,265,8873,99.79754808,431.1111111,399.3333333,56.74181868,91.89956154,-1245.039216,359,414.5,576,398,18,0.2024519180.003703704,0.125,red,10,B,288.4918466,376.1224108,69.8398265,47.04722556,-548.3667704,374,270,345,263,9076,265.9699696,380.7673594,26.47532974,45.85840592,113.3631814,379,265,381,263,7892,86.95460555,438.7673435,345.0549915,82.45971495,42.94999776,397.2397313,345,423.5,345,356,1182,13.023358310.001234568,0.125,red,10,B,468.7370017,338.0168977,75.77831834,37.39179581,-127.4136033,340,468,345,473,9232,278.8098434,369.9060403,28.85306975,49.1875712,96.70855028,366,277,350,275,447,4.841854419,478.4009106,336.3943085,63.74363784,35.94536768,185.0834751,339,471,345,473,8785,95.158145580.000411523,0.125,red,10,B,488.4156321,334.759905,66.49720439,35.31650401,163.768664,337,482,345,458,9263,271.8522727,337.6818182,31.05410176,41.30306979,118.9524556,340,271,350,271,88,0.950016193,490.492752,334.7318801,63.25311828,35.25562144,170.3395651,337,483,345,458,9175,99.049983810.000137174,0.125,red,10,B,487.1473157,332.986046,66.5897793,35.50403655,156.0988919,336,481,345,479,9388,270.2323232,333.5757576,31.08901909,33.9907223,286.1199753,334,271,357,271,99,1.054537708,489.4591452,332.979761,62.96344005,35.52151784,156.1218044,336,481,345,479,9289,98.945462294.57E-05,0.125,red,10,B,488.9551412,334.6635056,62.54793398,34.9380089,103.3076871,337,484,345,473,9385,273.36,343.16,34.90380951,42.54666586,369.8595918,346.5,271,353,265,50,0.532765051,490.1099089,334.6179968,60.63400765,34.88999176,111.7845442,337,484,345,473,9335,99.467234951.52E-05,0.125,red,10,B,487.0104053,334.2277108,66.41025727,35.30710235,151.4444482,336,481,345,458,9130,276.3373494,341.746988,33.46540883,47.43026804,212.4888334,340,275,331,250,83,0.909090909,488.9431856,334.1587266,63.47968699,35.17262327,165.5758993,336,481,345,458,9047,99.090909095.08E-06,0.125,red,10,B,488.8430769,335.4984615,66.50334422,34.65855458,216.8325973,337,482,345,458,9100,268.6875,332.1,31.41699683,39.23818858,56.5,338,270,345,265,80,0.879120879,490.7956763,335.5286031,63.39986428,34.61619448,211.5656077,337,483,345,458,9020,99.120879120,0.125,red,10,B,489.9473015,334.6002545,62.69479913,35.59977087,164.4883697,337,483,345,469,9431,273.5428571,331.6857143,28.69140357,38.31815069,275.6462185,332,265,303,263,35,0.371116531,490.7534057,334.6111111,61.37742983,35.59100502,161.7451777,337,483,345,469,9396,99.6288834710,0.09,red,10,B,261.9761577,444.1870176,34.12692261,57.96571531,-79.56921378,444,262,470,271,7256,259.5423918,445.1861339,23.37771421,57.10182824,157.4538878,445,262,470,271,7183,98.99393605,501.4520548,345.8767123,64.05532355,58.51185663,388.792618,345,494,357,504,73,1.0060639470.1,0.09,red,10,B,261.8154713,460.7053645,26.70009871,56.2583812,116.8018118,461,263,453,263,8519,261.1883018,460.9991762,23.46577806,55.93680121,188.7915864,462,263,453,263,8497,99.74175373,504.0454545,347.2272727,68.99998432,66.23546153,-131.3441558,327.5,499.5,387,494,22,0.2582462730.033333333,0.09,red,10,B,262.980928,466.525764,26.20074321,54.79753695,184.3914005,466,263,472,265,8966,262.492564,466.8339483,24.09307155,54.49006034,245.1367096,467,263,472,265,8943,99.74347535,452.8695652,346.6956522,77.52026383,41.79651441,-647.5869565,343,429,375,589,23,0.2565246490.011111111,0.09,red,10,B,264.5703444,420.9777979,26.35034526,53.28643935,223.1042016,419,265,417,265,8828,264.2039033,421.1006468,24.68974204,53.17419037,247.4936607,419,265,417,265,8813,99.83008609,479.8666667,348.8,65.91430223,70.51767762,1565.542857,333,472,333,431,15,0.169913910.003703704,0.09,red,10,B,292.8415307,379.0455448,73.97943496,48.20123,-788.2771095,376,271,345,265,9068,266.2068025,385.1481241,26.29619148,46.42524697,95.18333398,381,265,345,265,7703,84.94706661,443.1472527,344.607326,76.56025842,43.32239104,320.554199,343,435,345,347,1365,15.052933390.001234568,0.09,red,10,B,480.3802072,335.7359163,72.33658176,36.18295059,-18.08900518,337,477,345,458,9266,273.6382979,369.7404255,30.91719402,47.90656709,94.34588107,370,271,381,251,235,2.53615368,485.759938,334.8510685,64.82824872,35.39673998,166.7115301,337,478,345,458,9031,97.463846320.000411523,0.09,red,10,B,488.0750916,334.4889033,65.13716116,35.32793917,178.558047,336,482,345,458,9282,277.4788732,337.5774648,31.12135654,42.06615945,492.0623742,337,275,339,270,71,0.764921353,489.6984041,334.4650961,62.63912998,35.27266758,181.247561,336,483,345,458,9211,99.235078650.000137174,0.09,red,10,B,489.6037554,334.083691,65.14149924,34.93942871,183.88433,336,483,345,473,9320,271.2537313,337.6716418,30.22458526,36.87710469,245.0845771,341,271,345,213,67,0.71888412,491.1848049,334.057711,62.60885029,34.92576462,189.1820487,336,483,345,473,9253,99.281115884.57E-05,0.09,red,10,B,490.9056945,333.2808941,63.4696936,35.09208319,168.3769291,336,484,345,468,9395,269.2439024,330.1707317,31.44740092,43.7543726,243.4573171,334,271,336,277,41,0.436402342,491.8772718,333.2945264,61.85065037,35.05171079,165.0385028,336,484,345,468,9354,99.563597661.52E-05,0.09,red,10,B,491.3915936,334.4188404,63.80755681,35.09904942,158.1412061,336,484,345,473,9469,273.88,340.92,32.9498609,34.05255742,-91.885,345,271,302,263,25,0.264019432,491.9673867,334.4016307,62.87954624,35.10192963,162.5470404,336,484,345,473,9444,99.735980575.08E-06,0.09,red,10,B,491.8311073,334.2197329,64.11796429,35.48651375,195.3330325,336,484,345,488,9284,272.3888889,341.3055556,39.69186874,42.01212032,602.8492063,346,270,322,226,36,0.387763895,492.7032551,334.1928193,62.69296039,35.46054527,199.7994913,336,484,345,488,9247,99.601464890,0.09,red,10,B,493.3053667,333.0437284,62.23212327,35.99704965,143.4781708,335,486,345,458,9559,271.5384615,337.2307692,34.52330317,35.94474392,408.6307692,343,262.5,299,286,26,0.271994979,493.9102067,333.0323088,61.20262702,35.9984089,145.3374587,335,486,345,458,9533,99.7280050210,0.0625,red,10,B,262.4933518,450.2990305,34.41939352,58.28812628,-108.1012809,450,262,435,265,7220,259.9708928,451.3393507,23.20327293,57.29484969,144.6634828,451,262,435,265,7146,98.97506925,506.0810811,349.8378378,60.7311066,65.91069654,213.8489448,344,492.5,262,465,74,1.0249307480.1,0.0625,red,10,B,262.2423826,460.2840779,26.79350636,56.18717541,138.8632021,460,263,453,263,8730,261.645465,460.5270953,23.69287449,56.00250054,203.0611632,460,263,453,263,8710,99.77090493,522.2,354.45,34.7920136,31.66182327,-253.2526316,353.5,526.5,350,549,20,0.2290950740.033333333,0.0625,red,10,B,263.4016176,463.3887926,26.1874939,54.30895014,183.6372264,464,263,470,257,8655,262.924725,463.6537348,24.08424012,54.02657299,243.3592689,464,263,470,257,8635,99.7689197,469.3,349,63.56852912,56.57505495,-2096.157895,340.5,466.5,288,438,20,0.23108030.011111111,0.0625,red,10,B,264.9033511,422.0017754,25.70305581,52.89887498,251.6102038,421,265,392,250,9012,264.5930414,422.0601378,24.57583045,52.76306807,264.9275336,421,265,392,250,8996,99.82245894,439.375,389.1875,46.51576794,102.1725461,-1599.875,377,419,285,395,16,0.1775410560.003703704,0.0625,red,10,B,327.0392633,370.0479762,99.26119652,50.2579801,-1790.471992,366,286,345,251,9067,264.6414057,385.3682545,28.69782295,47.60113651,96.27067332,382.5,263,381,251,6004,66.21815374,449.413917,339.9627573,70.39439448,40.85956242,63.85888449,340,445,345,410,3061,33.759788240.001234568,0.0625,red,10,B,483.3102115,333.6718565,66.99967206,36.32612754,18.77974726,336,478,345,458,9313,270.2222222,364.3216374,33.25317814,53.46990962,296.4575163,361,267,325,271,171,1.836143026,487.3142982,333.102177,60.6992821,35.6821989,137.4889984,335,479,345,458,9141,98.15311930.000411523,0.0625,red,10,B,490.0587279,332.4295157,64.49500084,35.82859274,150.5244043,334,483,345,458,9229,273.122807,340.1403509,31.44273149,46.1377745,403.5360276,339,270,350,257,57,0.617618377,491.4068905,332.3815962,62.33062404,35.75327138,159.4570803,334,483,345,458,9172,99.382381620.000137174,0.0625,red,10,B,490.9240222,334.3668519,63.81862439,35.1183218,171.4619891,337,484,345,469,9358,271.2745098,335.4901961,33.23436681,52.42914172,364.8227451,342,268,293,224,51,0.544988245,492.1436708,334.3545025,61.81723675,35.00077146,172.7434745,337,484,345,469,9306,99.444325714.57E-05,0.0625,red,10,B,491.7659036,333.7175862,63.36479654,35.18439201,80.86150284,336,484,345,469,9479,279.5238095,353.7142857,33.73665521,42.55718841,123.4071429,362,275,369,275,21,0.221542357,492.2528286,333.6665962,62.60547149,35.15238428,91.21215826,336,484,345,469,9457,99.767908011.52E-05,0.0625,red,10,B,494.5751648,333.509781,63.4354003,35.51191757,99.8152137,336,487,345,505,9406,275.1428571,351.25,33.19271929,63.94999493,561.2222222,355.5,276.5,357,282,28,0.29768233,495.2303263,333.4568138,62.35932446,35.38564488,110.1559435,336,487,345,505,9378,99.702317675.08E-06,0.0625,red,10,B,493.2120344,333.4700202,63.75452948,34.69021604,119.1483655,336,486,345,458,9423,264.5,350.71875,32.87513032,38.53882364,470.6935484,345,267.5,345,251,32,0.339594609,493.9913747,333.4112448,62.41836953,34.66397923,131.4903419,336,486,345,458,9391,99.660405390,0.0625,red,10,B,494.2875399,333.1959531,63.04795805,34.38037782,111.3534909,335,487,345,458,9390,282.0714286,340.0714286,29.88611541,30.20538163,78.62433862,334.5,276,392,271,28,0.298189563,494.9222388,333.1753899,62.04230889,34.39146069,115.8371631,335,487,345,458,9362,99.7018104410,0,red,10,B,262.3194792,454.5955544,31.45724306,57.11862109,-79.19542247,455,263,443,271,7603,260.5058979,455.4853545,23.15402684,56.25169566,135.8252123,456,263,462,271,7545,99.23714323,498.2413793,338.8448276,62.85162431,50.88818211,-537.9267998,331.5,489.5,339,463,58,0.7628567670.1,0,red,10,B,262.2161127,466.4555493,27.62971435,57.51757354,185.662188,466,263,462,263,8875,261.5670394,466.8162205,24.24729841,57.07462749,279.8128754,467,263,462,263,8853,99.75211268,523.4090909,321.3181818,55.8242643,52.33353324,320.482684,323.5,525,357,475,22,0.2478873240.033333333,0,red,10,B,265.7852761,461.1434049,25.79217821,54.63791115,290.584647,460,265,464,258,9128,265.5684361,461.2771441,24.82736886,54.51043359,316.5420162,460,265,464,258,9118,99.89044698,463.5,339.2,82.03691581,29.51760303,846.3333333,341,499.5,324,521,10,0.1095530240.011111111,0,red,10,B,267.0005507,411.0138767,27.31361957,53.3878219,263.2717183,409,265,401,263,9080,266.2541754,411.055193,24.54334685,52.87942063,275.2308812,409,265,401,263,9041,99.57048458,440.025641,401.4358974,63.89896926,125.2330028,-866.6430499,362,437,303,480,39,0.4295154190.003703704,0,red,10,B,426.6684239,347.1034965,105.8505348,46.2072972,-2028.197119,345,454,345,265,9295,275.2041717,384.3698355,26.6654642,47.53663372,166.0352142,381,275,350,265,2493,26.82087144,482.2048228,333.4475812,59.6329455,37.3399084,-5.493011862,334,479,345,458,6801,73.168370090.001234568,0,red,10,B,488.0837841,329.8478099,59.06556496,36.09313103,39.534178,333,485,345,458,9429,274.7260274,349.9178082,30.75181127,46.88187088,132.2132801,353,271,324,258,73,0.774207233,489.7485036,329.6912142,56.13106106,35.95546999,72.50031288,332,485,345,458,9356,99.225792770.000411523,0,red,10,B,487.2399137,329.1340885,57.4958994,36.17929592,34.21607372,331,483.5,345,469,9270,263.2545455,336.4181818,28.62931558,46.19591569,73.53973064,330,263,330,250,55,0.593311758,488.576777,329.0906131,54.94952143,36.10995938,43.78634591,331,484,345,469,9215,99.406688240.000137174,0,red,10,B,487.0650987,330.3163587,57.35955929,35.51113077,21.38578784,333,483,345,458,9524,270.4418605,336.6744186,32.67028818,27.15013017,-48.35271318,334,265,331,244,43,0.45149097,488.0475688,330.2875224,55.55627924,35.54307753,27.97260837,333,484,345,458,9481,99.548509034.57E-05,0,red,10,B,489.0128773,328.807262,57.50754331,36.41504831,23.06001415,331,485,345,458,9474,269.4655172,339.1034483,32.6524578,38.55717543,-75.48759831,337,270,337,270,58,0.612201815,490.3652294,328.7438403,54.97517518,36.39460393,37.67041246,331,486,345,458,9416,99.387798181.52E-05,0,red,10,B,488.1335874,329.6981052,56.97610798,35.81552973,28.28329359,333,483,345,458,9447,282.1111111,328.9259259,29.88482163,33.83890106,472.4316239,328,278,328,316,27,0.285805017,488.7240977,329.7003185,55.95620731,35.822712,26.60294381,333,483,345,458,9420,99.714194985.08E-06,0,red,10,B,490.9856176,330.5925338,58.48594008,35.36242667,33.88594232,333,487,345,469,9456,267.7234043,326.9574468,24.75330643,37.52388077,74.90101758,334,265,339,258,47,0.497038917,492.1008609,330.6106919,56.43080474,35.35247529,29.61431265,333,487,345,469,9409,99.502961080,0,red,10,B,495.4006484,328.4120477,55.76956462,36.67980177,43.31800495,331,491,345,458,9562,267.2380952,328.5714286,28.52876577,32.22044604,361.9071429,327,270,363,270,21,0.219619327,495.9028404,328.4116969,54.77717483,36.69050234,42.73486824,331,491,345,458,9541,99.78038067